0 0.653125 0.52265625 0.10078125 0.1484375
0 0.69140625 0.375 0.0828125 0.10859375
0 0.6203125 0.3140625 0.09140625 0.078125
0 0.6359375 0.26484375 0.084375 0.0625
0 0.6578125 0.22265625 0.06796875 0.0515625
0 0.34921875 0.3421875 0.0609375 0.09296875
0 0.3875 0.2953125 0.059375 0.09296875
0 0.415625 0.24609375 0.0578125 0.075
0 0.44375 0.20546875 0.059375 0.078125
0 0.46796875 0.17265625 0.05625 0.07109375
0 0.2765625 0.3296875 0.05859375 0.09609375
0 0.3125 0.2765625 0.05390625 0.08046875
0 0.3796875 0.203125 0.05625 0.07890625
0 0.4078125 0.17109375 0.04921875 0.06953125
1 0.5578124999999999 0.8640625 0.096875 0.1625
1 0.6164062499999999 0.71640625 0.0765625 0.1578125
1 0.6390625 0.6140625 0.08125 0.128125
1 0.6765625000000001 0.440625 0.075 0.084375
1 0.709375 0.31953125 0.06875 0.0734375
1 0.7171875000000001 0.26484375 0.05625 0.0703125
1 0.73671875 0.23437499999999997 0.0609375 0.059375
1 0.42421875 0.8484375 0.1296875 0.13125
1 0.5765625 0.4390625 0.08125 0.075
1 0.59765625 0.37265624999999997 0.0671875 0.0640625
1 0.31640625 0.39921875 0.0578125 0.0796875
1 0.17656249999999998 0.44843750000000004 0.04375 0.090625
1 0.228125 0.38828125 0.04375 0.0859375
1 0.3515625 0.24296874999999998 0.040625 0.0671875
