0 0.60546875 0.7203125 0.115625 0.1875
0 0.63515625 0.6234375 0.103125 0.1390625
0 0.6203125 0.3140625 0.09140625 0.078125
0 0.6578125 0.22265625 0.06796875 0.0515625
0 0.3125 0.40078125 0.06015625 0.10703125
0 0.34921875 0.3421875 0.0609375 0.09296875
0 0.3875 0.2953125 0.059375 0.09296875
0 0.44375 0.20546875 0.059375 0.078125
0 0.46796875 0.17265625 0.05625 0.07109375
0 0.22890625 0.38515625 0.0640625 0.1015625
0 0.3125 0.2765625 0.05390625 0.08046875
0 0.3796875 0.203125 0.05625 0.07890625
0 0.4078125 0.17109375 0.04921875 0.06953125
1 0.5578125 0.8624999999999999 0.09375 0.1625
1 0.65 0.51328125 0.096875 0.1328125
1 0.67578125 0.43984375 0.0765625 0.0859375
1 0.6859375 0.371875 0.065625 0.071875
1 0.709375 0.31953125 0.06875 0.0765625
1 0.71640625 0.26406250000000003 0.0546875 0.06875
1 0.7281249999999999 0.22265625000000003 0.053125 0.0578125
1 0.42109375 0.86328125 0.1328125 0.1328125
1 0.575 0.4390625 0.08125 0.075
1 0.5968749999999999 0.37109375 0.06875 0.0640625
1 0.6296875 0.27265625000000004 0.06875 0.0515625
1 0.41328125 0.246875 0.0453125 0.06875
1 0.1765625 0.44999999999999996 0.046875 0.096875
1 0.27578125000000003 0.33203125 0.0453125 0.0765625
1 0.34609375 0.2421875 0.0421875 0.06875
