0 0.60078125 0.37578125 0.090625 0.07890625
1 0.56953125 0.8609375 0.0953125 0.171875
1 0.60859375 0.715625 0.0796875 0.175
1 0.62890625 0.6164062499999999 0.0796875 0.1046875
1 0.6484375 0.52109375 0.08125 0.0984375
1 0.6710937499999999 0.43828124999999996 0.0734375 0.0890625
1 0.6890625 0.37265624999999997 0.065625 0.0734375
1 0.70546875 0.31796875 0.0609375 0.0671875
1 0.7140625 0.2671875 0.059375 0.059375
1 0.72265625 0.22187500000000002 0.0609375 0.065625
1 0.41953125 0.8515625 0.1328125 0.153125
1 0.5765625 0.43515625 0.084375 0.0671875
1 0.61640625 0.32109375 0.0703125 0.0640625
1 0.640625 0.26796875000000003 0.0625 0.0515625
1 0.65 0.225 0.059375 0.04375
1 0.30859375 0.396875 0.0546875 0.08125
1 0.34921874999999997 0.34609375 0.0484375 0.0734375
1 0.3828125 0.2875 0.046875 0.071875
1 0.4140625 0.24375 0.04375 0.065625
1 0.44375 0.20703125 0.05 0.0546875
1 0.46875 0.17265625 0.04375 0.0578125
1 0.17500000000000002 0.44687499999999997 0.05 0.096875
1 0.22421875 0.38046875 0.0484375 0.0828125
1 0.278125 0.33125000000000004 0.046875 0.075
1 0.31640625 0.28203125 0.0421875 0.0703125
1 0.35 0.23671875 0.040625 0.0671875
1 0.38203125 0.20390625 0.0390625 0.0578125
1 0.40625 0.16953125 0.034375 0.0546875
