0 0.70625 0.31875 0.08203125 0.0984375
0 0.734375 0.2265625 0.06640625 0.071875
0 0.5765625 0.43671875 0.09296875 0.09296875
0 0.60078125 0.37578125 0.090625 0.07890625
0 0.44375 0.20546875 0.059375 0.078125
0 0.22890625 0.38515625 0.0640625 0.1015625
0 0.4078125 0.17109375 0.04921875 0.06953125
1 0.5625 0.8546874999999999 0.096875 0.159375
1 0.6046875 0.721875 0.090625 0.184375
1 0.6281249999999999 0.6203124999999999 0.08125 0.1125
1 0.6484375 0.515625 0.078125 0.103125
1 0.67734375 0.43828124999999996 0.0734375 0.0890625
1 0.6953125 0.37734375 0.065625 0.0734375
1 0.7179687499999999 0.265625 0.0609375 0.05625
1 0.428125 0.8484375000000001 0.11875 0.1375
1 0.615625 0.315625 0.078125 0.0625
1 0.6414062500000001 0.26796875000000003 0.0671875 0.0515625
1 0.653125 0.225 0.053125 0.046875
1 0.30859375 0.39140624999999996 0.0453125 0.0734375
1 0.34687500000000004 0.33984375 0.04375 0.0671875
1 0.3828125 0.29296875 0.046875 0.0609375
1 0.41015625 0.24296875 0.0453125 0.0640625
1 0.465625 0.17031249999999998 0.040625 0.05625
1 0.17265625 0.453125 0.0453125 0.09375
1 0.27187500000000003 0.33203125 0.04375 0.0734375
1 0.31015625 0.284375 0.0453125 0.06875
1 0.3453125 0.24140625 0.04375 0.0640625
1 0.3796875 0.20390625 0.0375 0.0609375
