0 0.415625 0.24609375 0.0578125 0.075
1 0.559375 0.8578125000000001 0.09375 0.165625
1 0.6125 0.71796875 0.078125 0.1609375
1 0.62734375 0.609375 0.0828125 0.109375
1 0.6515624999999999 0.52109375 0.08125 0.1015625
1 0.6703125 0.44375000000000003 0.075 0.090625
1 0.7 0.38046875 0.06875 0.0859375
1 0.7078125000000001 0.31796874999999997 0.071875 0.0734375
1 0.71796875 0.26796875 0.0640625 0.0640625
1 0.7257812499999999 0.225 0.0578125 0.059375
1 0.409375 0.85546875 0.115625 0.1359375
1 0.5734375 0.43828124999999996 0.090625 0.0734375
1 0.59765625 0.371875 0.0703125 0.059375
1 0.6234375 0.32109375 0.06875 0.0546875
1 0.63671875 0.271875 0.0734375 0.046875
1 0.65078125 0.22734375 0.0578125 0.0421875
1 0.309375 0.39765625000000004 0.053125 0.0828125
1 0.353125 0.334375 0.046875 0.08125
1 0.38671875 0.29765625 0.0484375 0.0671875
1 0.4453125 0.2078125 0.05 0.0625
1 0.465625 0.17265624999999998 0.040625 0.0515625
1 0.18515625 0.45 0.0484375 0.09375
1 0.22968750000000002 0.3828125 0.04375 0.08125
1 0.27578125000000003 0.3328125 0.0453125 0.075
1 0.31484375 0.2859375 0.0390625 0.06875
1 0.35 0.24062500000000003 0.040625 0.06875
1 0.3828125 0.2046875 0.040625 0.059375
1 0.40703125 0.1703125 0.0359375 0.053125
