1 0.53046875 0.81875 0.1296875 0.125
1 0.48124999999999996 0.6843750000000001 0.096875 0.10625
1 0.43203125000000003 0.5804687500000001 0.0921875 0.0953125
1 0.38828125 0.47812499999999997 0.0984375 0.0875
1 0.36015625 0.39375000000000004 0.0703125 0.075
1 0.33203125 0.32109374999999996 0.0828125 0.0734375
1 0.31171875 0.25546874999999997 0.0734375 0.0640625
1 0.28671874999999997 0.190625 0.0640625 0.059375
1 0.26484375000000004 0.13828125 0.0671875 0.0515625
1 0.24218750000000003 0.1 0.065625 0.05
1 0.615625 0.73125 0.115625 0.115625
1 0.5421874999999999 0.60703125 0.096875 0.0953125
1 0.51796875 0.5125000000000001 0.0859375 0.0875
1 0.4734375 0.41953124999999997 0.0875 0.0796875
1 0.4375 0.34296875 0.08125 0.0734375
1 0.40234375 0.27578125 0.0734375 0.0640625
1 0.37578125 0.21718749999999998 0.0671875 0.05625
1 0.353125 0.159375 0.0625 0.059375
1 0.325 0.11406250000000001 0.0625 0.05
1 0.30546874999999996 0.07265625 0.0578125 0.0421875
1 0.88359375 0.5226562499999999 0.0734375 0.1046875
1 0.8250000000000001 0.42265625 0.040625 0.1015625
1 0.7609375 0.35000000000000003 0.04375 0.090625
1 0.70546875 0.2859375 0.0515625 0.078125
1 0.6617187499999999 0.221875 0.0453125 0.071875
1 0.61953125 0.16875 0.0390625 0.06875
1 0.5796874999999999 0.12734375 0.053125 0.0703125
1 0.54921875 0.08124999999999999 0.0421875 0.059375
1 0.51640625 0.040624999999999994 0.0390625 0.053125
1 0.9359375 0.44453125 0.084375 0.0859375
1 0.8624999999999999 0.35625 0.08125 0.0625
1 0.8117187499999999 0.29296875 0.0765625 0.0640625
1 0.7515624999999999 0.22812500000000002 0.06875 0.0625
1 0.70625 0.17109375000000002 0.071875 0.0578125
1 0.6703125 0.12265625 0.059375 0.0515625
1 0.6414062500000001 0.084375 0.0640625 0.046875
1 0.59765625 0.0390625 0.0609375 0.053125
1 0.90234375 0.15703125 0.0359375 0.0640625
1 0.85390625 0.10625000000000001 0.0359375 0.0625
1 0.80859375 0.0671875 0.0390625 0.053125
