1 0.5328125 0.82421875 0.121875 0.1484375
1 0.47421874999999997 0.6859375 0.1078125 0.109375
1 0.43046875 0.57578125 0.0921875 0.1046875
1 0.38515625000000003 0.4765625 0.0921875 0.090625
1 0.35390625 0.3921875 0.0796875 0.084375
1 0.33125 0.31484375 0.08125 0.0734375
1 0.30703125 0.25546874999999997 0.0734375 0.0640625
1 0.2796875 0.19921875 0.065625 0.0640625
1 0.26875 0.14609375 0.0625 0.0578125
1 0.24609375000000003 0.10078125000000002 0.0578125 0.0578125
1 0.6140625 0.7265625 0.1125 0.11875
1 0.5671875 0.61171875 0.1 0.0984375
1 0.51171875 0.51015625 0.0953125 0.1015625
1 0.47734375 0.41796875 0.0796875 0.0828125
1 0.43359375 0.34375 0.0734375 0.075
1 0.39921874999999996 0.275 0.0734375 0.06875
1 0.3796875 0.21640625000000002 0.078125 0.0640625
1 0.36640625 0.16328125000000002 0.0765625 0.0609375
1 0.33437500000000003 0.11484375 0.06875 0.0546875
1 0.3046875 0.07109375000000001 0.0625 0.0515625
1 0.88125 0.5234375 0.065625 0.115625
1 0.81640625 0.43515624999999997 0.0515625 0.1046875
1 0.76328125 0.36328125 0.0421875 0.1265625
1 0.7046874999999999 0.30546875 0.053125 0.0953125
1 0.6609375000000001 0.22578125000000002 0.040625 0.0890625
1 0.6234375 0.1765625 0.0375 0.078125
1 0.584375 0.13828125000000002 0.05 0.0609375
1 0.546875 0.08828125 0.040625 0.0703125
1 0.51875 0.0421875 0.040625 0.06875
1 0.93125 0.4421875 0.09375 0.1
1 0.8703124999999999 0.35546875 0.08125 0.0734375
1 0.8125 0.28984375 0.08125 0.0703125
1 0.7554687499999999 0.22265625000000003 0.0765625 0.0734375
1 0.71171875 0.1671875 0.0703125 0.059375
1 0.6640625 0.12265625 0.059375 0.0578125
1 0.63046875 0.0796875 0.0484375 0.05
1 0.59453125 0.039843750000000004 0.0578125 0.0515625
1 0.9015625 0.15546875 0.04375 0.0828125
1 0.85234375 0.11328124999999999 0.0453125 0.0765625
1 0.80390625 0.07890625000000001 0.0390625 0.0578125
