0 0.359375 0.16015625 0.08671875 0.0765625
0 0.3078125 0.07734375 0.06953125 0.05703125
0 0.7640625 0.2296875 0.07890625 0.07109375
1 0.5390625 0.80625 0.109375 0.121875
1 0.47890625 0.67578125 0.1046875 0.1140625
1 0.434375 0.5703125 0.0875 0.0875
1 0.38906250000000003 0.47421875 0.090625 0.0890625
1 0.35078125 0.38671875 0.0859375 0.0765625
1 0.33671875 0.3203125 0.0953125 0.0875
1 0.30624999999999997 0.246875 0.071875 0.0625
1 0.27890625 0.19062500000000002 0.0671875 0.053125
1 0.26249999999999996 0.14140624999999998 0.065625 0.0484375
1 0.24687499999999998 0.09765625 0.059375 0.0484375
1 0.6109375 0.7257812499999999 0.103125 0.1046875
1 0.5625 0.6109375 0.096875 0.096875
1 0.5046875000000001 0.4984375 0.0875 0.078125
1 0.46406249999999993 0.41484375 0.08125 0.0765625
1 0.42734374999999997 0.33671875 0.0734375 0.0703125
1 0.39687500000000003 0.27578125000000003 0.075 0.0609375
1 0.375 0.21484375 0.065625 0.0609375
1 0.33125 0.11640624999999999 0.0625 0.0546875
1 0.88359375 0.5296875 0.0703125 0.1
1 0.8125 0.4203125 0.04375 0.096875
1 0.75625 0.35000000000000003 0.04375 0.090625
1 0.7078125 0.2953125 0.05 0.09375
1 0.6578125 0.23281249999999998 0.059375 0.071875
1 0.61484375 0.17343750000000002 0.0421875 0.06875
1 0.58203125 0.1234375 0.0421875 0.0625
1 0.5515625 0.09453125 0.05 0.0609375
1 0.51875 0.04375 0.040625 0.053125
1 0.93515625 0.44375 0.0890625 0.08125
1 0.865625 0.35625 0.08125 0.071875
1 0.8093750000000001 0.29296875 0.075 0.0671875
1 0.7039062500000001 0.171875 0.0640625 0.059375
1 0.6632812499999999 0.12499999999999999 0.0609375 0.053125
1 0.63046875 0.0796875 0.0546875 0.046875
1 0.596875 0.0390625 0.05625 0.04375
1 0.90234375 0.15625 0.0359375 0.065625
1 0.8515625 0.1078125 0.034375 0.059375
1 0.8078125 0.08359375 0.040625 0.0578125
